979591
161969
821985
513262
920822
257036
681286
456458
343271
969597
922157
780347
625093
111126
483260
948288
259463
38003
640899
96292
615482
146786
510178
432819
154230
23984
627592
566297
981106
404236
977878
52312
848692
60315
792353
854181
953697
631127
654678
32416
435506
916452
8889
848815
900103
899953
969478
361014
306774
876103
15544
276020
668604
885554
228263
428797
878708
369800
580044
10960
116453
694874
988257
327572
607253
167799
969635
648564
433596
470551
14713
917011
416627
215659
583215
367278
701451
903103
129307
509197
209850
603208
86880
496230
883057
194192
783696
607950
268297
879547
404589
442140
697691
476597
427784
457756
341038
100154
91467
121581
